1000 1000
 63, 542
 63, 995
 62, 788
 95, 182
 80, 232
 15, 623
 75, 368
 26, 188
 10, 26
 26, 752
 32, 759
 90, 425
 34, 75
 67, 183
 78, 504
 83, 770
 5, 860
 45, 179
 32, 960
 10, 747
 90, 604
 80, 116
 72, 475
 4, 511
 83, 539
 78, 840
 48, 976
 95, 204
 69, 759
 21, 716
 64, 896
 81, 184
 37, 216
 20, 684
 43, 701
 16, 950
 83, 586
 2, 46
 12, 615
 33, 87
 99, 290
 1, 778
 77, 285
 39, 657
 48, 619
 99, 409
 51, 898
 77, 884
 47, 412
 95, 272
 57, 30
 7, 86
 46, 110
 30, 98
 24, 821
 91, 438
 30, 285
 21, 784
 58, 265
 87, 110
 73, 58
 1, 915
 99, 701
 74, 388
 41, 117
 44, 351
 98, 470
 35, 622
 54, 206
 35, 519
 99, 896
 43, 207
 21, 296
 15, 502
 15, 134
 35, 163
 78, 259
 93, 883
 66, 780
 52, 929
 68, 223
 54, 866
 9, 746
 82, 237
 67, 345
 31, 822
 65, 506
 8, 957
 6, 26
 7, 56
 56, 374
 68, 32
 58, 879
 45, 600
 6, 715
 93, 241
 64, 837
 83, 29
 75, 346
 73, 750
 13, 535
 9, 533
 3, 851
 70, 404
 43, 79
 21, 870
 43, 185
 71, 205
 79, 138
 30, 147
 40, 319
 2, 601
 88, 58
 77, 460
 14, 203
 88, 662
 89, 688
 53, 878
 53, 470
 99, 183
 48, 239
 9, 45
 3, 640
 53, 281
 62, 716
 20, 114
 92, 296
 44, 308
 54, 495
 35, 390
 86, 131
 95, 347
 13, 605
 34, 42
 20, 587
 78, 349
 77, 61
 86, 561
 72, 45
 82, 646
 30, 281
 60, 589
 78, 682
 98, 243
 31, 233
 57, 519
 88, 273
 58, 608
 3, 57
 71, 460
 91, 924
 52, 886
 53, 565
 16, 151
 67, 582
 53, 405
 13, 690
 98, 955
 12, 597
 4, 838
 71, 833
 29, 805
 28, 820
 49, 504
 63, 737
 45, 596
 39, 384
 46, 63
 39, 664
 24, 40
 30, 547
 92, 358
 70, 650
 31, 767
 20, 66
 86, 758
 38, 415
 1, 210
 16, 229
 86, 308
 69, 157
 11, 813
 28, 400
 54, 27
 20, 646
 65, 244
 60, 490
 34, 393
 45, 155
 83, 377
 87, 410
 25, 819
 22, 188
 82, 675
 48, 271
 73, 416
 58, 646
 23, 289
 30, 248
 19, 88
 4, 212
 86, 507
 75, 727
 39, 641
 14, 318
 29, 380
 65, 649
 52, 348
 73, 233
 52, 472
 91, 992
 28, 772
 28, 751
 55, 978
 69, 267
 57, 61
 62, 579
 84, 390
 81, 361
 50, 24
 55, 585
 19, 557
 50, 589
 66, 318
 58, 567
 54, 482
 84, 568
 96, 175
 1, 140
 6, 708
 65, 769
 15, 708
 25, 613
 87, 478
 33, 82
 30, 829
 77, 138
 3, 607
 34, 913
 92, 78
 12, 844
 71, 803
 100, 252
 34, 117
 10, 995
 89, 946
 84, 753
 73, 851
 85, 181
 4, 100
 22, 534
 23, 352
 14, 443
 24, 642
 25, 646
 46, 725
 33, 898
 74, 88
 39, 250
 19, 249
 72, 628
 84, 905
 60, 780
 66, 84
 98, 451
 18, 261
 73, 798
 48, 728
 95, 955
 42, 512
 46, 551
 82, 519
 27, 715
 96, 783
 25, 485
 97, 153
 34, 691
 33, 169
 97, 71
 37, 638
 83, 580
 55, 418
 14, 467
 92, 146
 47, 790
 35, 108
 3, 532
 66, 970
 67, 979
 50, 210
 16, 523
 7, 710
 100, 5
 76, 485
 56, 446
 24, 547
 58, 520
 17, 38
 3, 301
 46, 591
 97, 400
 76, 852
 34, 706
 27, 615
 25, 639
 68, 989
 16, 174
 3, 42
 64, 751
 95, 366
 8, 951
 50, 446
 49, 836
 62, 373
 44, 155
 68, 833
 72, 697
 32, 781
 93, 392
 57, 826
 88, 747
 59, 660
 29, 212
 25, 879
 94, 716
 89, 907
 91, 88
 24, 424
 64, 40
 14, 130
 56, 23
 7, 741
 95, 554
 6, 590
 87, 457
 70, 405
 43, 421
 84, 122
 84, 614
 69, 825
 18, 930
 41, 518
 59, 282
 4, 711
 33, 293
 58, 399
 45, 438
 27, 717
 28, 596
 98, 77
 40, 303
 82, 221
 88, 561
 100, 928
 91, 205
 69, 739
 1, 664
 21, 833
 15, 508
 88, 126
 29, 79
 92, 158
 86, 200
 75, 437
 24, 906
 81, 86
 29, 477
 47, 165
 99, 586
 23, 502
 12, 325
 42, 613
 27, 688
 100, 100
 68, 427
 41, 96
 51, 731
 39, 432
 78, 263
 59, 207
 55, 953
 51, 932
 18, 67
 33, 635
 51, 734
 5, 992
 1, 627
 96, 179
 78, 860
 57, 8
 37, 531
 48, 131
 86, 951
 71, 651
 5, 541
 25, 202
 77, 417
 3, 780
 15, 417
 26, 285
 33, 355
 56, 461
 84, 281
 6, 698
 64, 18
 29, 137
 15, 522
 85, 335
 12, 486
 94, 135
 11, 560
 49, 367
 59, 868
 24, 88
 55, 816
 90, 362
 91, 945
 9, 350
 65, 602
 94, 24
 7, 798
 1, 878
 65, 945
 41, 952
 72, 225
 93, 58
 35, 485
 100, 316
 74, 850
 84, 459
 58, 619
 59, 175
 54, 322
 54, 546
 73, 670
 21, 71
 79, 283
 1, 24
 39, 190
 72, 332
 39, 299
 9, 192
 32, 82
 24, 941
 55, 854
 85, 393
 39, 897
 65, 350
 31, 873
 54, 732
 29, 686
 39, 422
 38, 818
 26, 838
 29, 710
 5, 68
 99, 388
 30, 277
 21, 707
 13, 223
 43, 760
 84, 662
 82, 688
 31, 167
 59, 613
 93, 825
 82, 266
 67, 314
 62, 783
 60, 617
 74, 178
 36, 532
 15, 257
 49, 345
 18, 249
 79, 454
 7, 601
 71, 623
 58, 235
 14, 937
 17, 45
 56, 410
 8, 346
 31, 950
 77, 333
 89, 91
 62, 418
 88, 807
 27, 913
 55, 187
 38, 290
 39, 60
 52, 46
 46, 802
 50, 919
 41, 770
 70, 502
 30, 71
 19, 185
 24, 179
 36, 656
 91, 906
 71, 455
 59, 436
 48, 96
 9, 566
 43, 826
 37, 29
 89, 579
 67, 439
 15, 314
 70, 623
 58, 988
 39, 546
 13, 789
 30, 397
 20, 64
 34, 466
 84, 93
 42, 707
 18, 876
 2, 100
 27, 598
 81, 803
 58, 428
 16, 787
 25, 249
 18, 228
 89, 161
 46, 516
 34, 245
 52, 341
 50, 233
 58, 50
 48, 257
 9, 960
 47, 38
 62, 135
 84, 849
 96, 42
 66, 367
 92, 182
 5, 614
 46, 533
 30, 959
 44, 571
 33, 631
 21, 932
 83, 712
 20, 398
 80, 646
 41, 177
 42, 851
 92, 846
 75, 102
 60, 58
 83, 847
 32, 622
 27, 264
 63, 828
 31, 367
 54, 8
 38, 629
 43, 706
 5, 68
 38, 467
 56, 519
 45, 756
 54, 47
 99, 457
 79, 219
 2, 765
 20, 16
 18, 258
 32, 1
 59, 475
 65, 351
 6, 292
 24, 794
 50, 855
 76, 58
 1, 709
 17, 694
 33, 25
 85, 713
 51, 319
 17, 436
 1, 728
 87, 520
 55, 407
 2, 147
 5, 107
 47, 937
 42, 209
 46, 871
 61, 897
 11, 831
 13, 48
 60, 329
 100, 12
 17, 756
 47, 109
 29, 631
 51, 92
 73, 313
 87, 118
 95, 695
 48, 710
 17, 361
 65, 922
 72, 965
 57, 651
 58, 996
 3, 64
 11, 718
 30, 582
 72, 814
 34, 381
 92, 193
 69, 193
 61, 724
 65, 940
 32, 686
 6, 769
 30, 783
 46, 413
 14, 890
 19, 9
 48, 548
 66, 756
 69, 147
 95, 176
 71, 496
 13, 552
 40, 395
 62, 419
 95, 668
 80, 15
 92, 956
 56, 340
 27, 752
 30, 941
 38, 457
 24, 317
 67, 984
 98, 920
 75, 769
 84, 417
 56, 753
 13, 390
 55, 123
 97, 180
 30, 143
 32, 129
 7, 427
 4, 761
 96, 798
 94, 250
 56, 347
 32, 804
 67, 241
 44, 413
 91, 783
 57, 193
 91, 671
 46, 650
 47, 888
 45, 230
 12, 6
 13, 605
 69, 270
 80, 771
 95, 291
 44, 495
 80, 810
 36, 760
 8, 604
 95, 627
 27, 734
 71, 799
 41, 642
 28, 800
 29, 819
 2, 68
 16, 789
 85, 544
 37, 393
 29, 466
 62, 869
 95, 280
 3, 90
 66, 681
 31, 593
 40, 100
 15, 712
 30, 696
 90, 322
 77, 57
 32, 744
 17, 889
 2, 86
 22, 374
 22, 336
 98, 159
 98, 44
 11, 755
 45, 915
 91, 892
 95, 946
 96, 113
 6, 803
 88, 389
 38, 942
 98, 163
 77, 614
 89, 74
 2, 838
 49, 521
 82, 109
 67, 949
 52, 395
 93, 340
 26, 399
 3, 39
 19, 463
 4, 399
 80, 329
 65, 484
 55, 608
 70, 772
 29, 842
 20, 903
 66, 774
 62, 129
 59, 958
 75, 165
 100, 219
 92, 146
 22, 152
 27, 692
 88, 363
 75, 497
 13, 698
 41, 851
 75, 935
 13, 220
 27, 604
 98, 711
 21, 658
 44, 538
 75, 638
 41, 292
 69, 148
 51, 761
 35, 800
 28, 360
 34, 446
 77, 167
 58, 107
 90, 561
 71, 10
 7, 892
 56, 97
 7, 265
 94, 286
 15, 241
 50, 165
 83, 304
 100, 940
 90, 578
 87, 545
 23, 412
 17, 534
 76, 159
 84, 651
 29, 839
 62, 998
 46, 574
 26, 51
 53, 602
 2, 627
 55, 110
 62, 578
 24, 846
 91, 831
 92, 695
 10, 968
 32, 966
 87, 659
 46, 668
 27, 616
 35, 509
 12, 882
 49, 839
 73, 216
 96, 104
 30, 945
 8, 722
 49, 173
 27, 328
 24, 643
 60, 417
 40, 221
 19, 212
 64, 865
 79, 972
 41, 311
 15, 288
 45, 690
 42, 253
 64, 802
 66, 743
 4, 411
 50, 548
 67, 493
 58, 235
 3, 11
 95, 544
 50, 236
 30, 371
 42, 517
 56, 553
 46, 587
 10, 405
 14, 774
 15, 496
 11, 601
 57, 790
 42, 209
 43, 767
 76, 925
 77, 363
 46, 111
 78, 861
 29, 933
 56, 24
 22, 874
 72, 407
 2, 734
 66, 629
 48, 938
 47, 958
 90, 998
 84, 371
 33, 985
 14, 539
 5, 731
 83, 995
 24, 684
 89, 410
 74, 195
 50, 318
 50, 603
 73, 639
 60, 451
 85, 222
 11, 155
 83, 220
 37, 937
 31, 833
 6, 255
 94, 403
 39, 53
 45, 371
 53, 66
 37, 95
 63, 107
 58, 605
 53, 902
 9, 469
 11, 817
 59, 810
 20, 839
 22, 93
 52, 757
 68, 349
 58, 15
 77, 598
 88, 444
 5, 601
 85, 717
 83, 378
 19, 249
 9, 21
 99, 692
 48, 538
 33, 447
 76, 158
 28, 882
 15, 636
 54, 994
 17, 443
 96, 25
 84, 545
 3, 477
 25, 803
 85, 169
 94, 397
 12, 243
 7, 215
 50, 571
 58, 251
 23, 526
 31, 306
 32, 993
 79, 486
 44, 975
 57, 628
 54, 216
 15, 697
 68, 975
 41, 653
 62, 665
 96, 936
 39, 148
 13, 629
 12, 755
 23, 495
 13, 513
 3, 364
 97, 762
 90, 711
 49, 227
 64, 935
 30, 596
 15, 72
 48, 713
 35, 264
 81, 92
 11, 281
 19, 660
 45, 833
 99, 566
 47, 819
 32, 241
 17, 719
 29, 879
 34, 851
 10, 571
 41, 96
 96, 453
 52, 410
 84, 552
 18, 395
 45, 498
 64, 222
 44, 522
 25, 955
 5, 505
 85, 171
 13, 9
 59, 179
 49, 910
 13, 717
 71, 523
 16, 878
 40, 677
 18, 474
 11, 584
 13, 785
 5, 781
 100, 572
 92, 428
 41, 399
 25, 473
 43, 300
 53, 498
 47, 152
 6, 124
 56, 258
 32, 588
 87, 835
 31, 881
 83, 129
 80, 604
 28, 297
 85, 989
 33, 80
 47, 473
 62, 464
 60, 198
 43, 358
 39, 388
 40, 846
 76, 390
 59, 605
 100, 864
 37, 50
 69, 399
 56, 984
 22, 1
 84, 859
 87, 810
 88, 608
 65, 13
 60, 728
 79, 970
 58, 615
 22, 630
 13, 886
