200 200
 57, 31
 48, 51
 2, 105
 65, 127
 46, 158
 32, 19
 50, 127
 19, 135
 18, 5
 32, 38
 19, 178
 73, 65
 18, 69
 87, 155
 80, 63
 19, 183
 79, 104
 17, 59
 10, 181
 48, 46
 10, 96
 57, 44
 97, 122
 25, 85
 52, 145
 98, 162
 26, 9
 22, 73
 60, 105
 77, 200
 17, 128
 15, 141
 16, 20
 28, 64
 21, 153
 42, 63
 61, 163
 66, 52
 10, 182
 65, 134
 36, 169
 77, 118
 77, 117
 48, 55
 81, 135
 23, 195
 15, 85
 55, 30
 48, 86
 73, 32
 16, 92
 84, 105
 60, 60
 32, 196
 23, 116
 62, 164
 34, 3
 89, 22
 54, 22
 73, 199
 6, 52
 78, 23
 73, 28
 50, 128
 41, 3
 11, 53
 62, 175
 33, 74
 50, 187
 90, 155
 12, 37
 74, 24
 90, 190
 15, 102
 59, 198
 58, 106
 43, 45
 83, 71
 76, 131
 19, 85
 51, 53
 74, 197
 49, 64
 28, 106
 27, 126
 21, 109
 70, 178
 33, 1
 56, 60
 50, 28
 9, 44
 97, 119
 82, 139
 25, 102
 18, 56
 41, 79
 33, 97
 19, 61
 45, 175
 48, 197
 69, 25
 100, 119
 28, 124
 77, 28
 56, 99
 87, 40
 39, 105
 24, 194
 71, 53
 58, 89
 21, 55
 39, 128
 59, 104
 67, 106
 95, 114
 49, 181
 96, 182
 27, 64
 2, 18
 89, 30
 87, 100
 24, 144
 16, 188
 58, 35
 39, 79
 49, 143
 55, 66
 100, 151
 6, 157
 70, 86
 62, 162
 20, 6
 41, 39
 89, 70
 38, 117
 86, 52
 58, 37
 73, 16
 32, 66
 18, 169
 2, 70
 85, 33
 49, 161
 90, 177
 94, 119
 80, 8
 93, 153
 14, 14
 20, 66
 11, 159
 89, 180
 57, 124
 15, 70
 30, 87
 34, 174
 90, 185
 37, 68
 30, 32
 43, 112
 86, 98
 43, 60
 72, 101
 42, 193
 80, 91
 93, 171
 22, 130
 84, 11
 100, 198
 35, 120
 30, 90
 19, 69
 78, 56
 31, 56
 84, 180
 66, 195
 64, 165
 30, 37
 75, 34
 48, 172
 15, 27
 15, 63
 79, 52
 75, 107
 16, 2
 11, 191
 7, 134
 44, 58
 73, 31
 51, 160
 85, 165
 77, 117
 48, 36
 52, 178
 27, 168
 8, 134
 96, 165
 37, 73
 16, 154
 40, 1
 75, 30
