400 400
 100, 150
 10, 149
 47, 201
 7, 272
 37, 191
 44, 311
 8, 81
 34, 203
 9, 126
 10, 29
 55, 306
 31, 330
 25, 232
 13, 2
 68, 44
 32, 188
 10, 383
 6, 295
 23, 330
 31, 141
 71, 8
 87, 209
 14, 385
 5, 339
 86, 52
 41, 227
 37, 274
 66, 171
 33, 378
 28, 339
 15, 176
 72, 101
 35, 121
 5, 78
 85, 346
 67, 208
 93, 387
 84, 67
 14, 297
 38, 359
 90, 211
 94, 103
 38, 332
 62, 59
 73, 244
 52, 374
 60, 74
 92, 266
 64, 198
 39, 257
 25, 315
 13, 196
 67, 364
 62, 96
 52, 208
 28, 90
 25, 29
 57, 168
 24, 327
 76, 330
 41, 87
 66, 241
 7, 59
 52, 29
 31, 199
 94, 185
 93, 43
 69, 362
 52, 277
 34, 125
 58, 164
 16, 35
 87, 307
 97, 182
 28, 81
 8, 384
 29, 231
 78, 346
 65, 23
 37, 255
 67, 127
 92, 82
 58, 106
 58, 50
 91, 40
 74, 239
 10, 26
 95, 241
 33, 345
 72, 241
 98, 111
 81, 382
 71, 165
 76, 35
 88, 367
 83, 347
 28, 390
 84, 371
 84, 390
 71, 137
 13, 94
 57, 133
 74, 374
 54, 83
 64, 15
 49, 167
 40, 36
 55, 378
 32, 233
 35, 108
 18, 88
 55, 109
 6, 119
 30, 242
 40, 133
 34, 376
 76, 358
 82, 116
 26, 392
 39, 308
 61, 14
 90, 332
 4, 329
 41, 141
 44, 137
 36, 85
 68, 398
 22, 257
 33, 294
 24, 199
 49, 187
 30, 303
 42, 338
 66, 311
 8, 64
 36, 225
 66, 355
 52, 68
 82, 274
 11, 180
 7, 210
 88, 345
 34, 67
 67, 45
 2, 45
 77, 187
 74, 315
 5, 22
 23, 336
 80, 322
 69, 83
 30, 285
 9, 208
 19, 88
 67, 96
 44, 398
 37, 400
 67, 318
 44, 349
 88, 242
 71, 192
 56, 368
 93, 340
 40, 219
 77, 260
 27, 84
 69, 372
 80, 137
 79, 157
 87, 262
 98, 150
 62, 123
 28, 299
 50, 120
 77, 46
 15, 38
 4, 80
 31, 237
 13, 336
 68, 295
 72, 59
 91, 142
 30, 342
 15, 294
 90, 315
 96, 103
 68, 180
 32, 294
 17, 273
 85, 304
 69, 46
 88, 367
 54, 174
 86, 66
 5, 288
 45, 359
 44, 122
 79, 303
 33, 58
 70, 249
 9, 181
 64, 255
 45, 30
 60, 181
 41, 197
 59, 271
 44, 3
 77, 35
 69, 301
 23, 33
 66, 311
 42, 209
 79, 137
 35, 345
 84, 377
 13, 246
 20, 187
 53, 388
 48, 287
 24, 173
 21, 151
 61, 309
 63, 376
 9, 273
 81, 129
 7, 342
 91, 47
 17, 390
 95, 52
 87, 339
 61, 315
 53, 124
 92, 226
 55, 226
 6, 378
 23, 313
 3, 381
 29, 313
 99, 34
 81, 295
 72, 164
 2, 208
 80, 331
 54, 321
 45, 57
 82, 176
 45, 270
 61, 74
 1, 32
 92, 385
 48, 327
 37, 217
 83, 207
 13, 359
 70, 279
 39, 139
 47, 295
 42, 221
 77, 38
 55, 109
 1, 26
 95, 183
 84, 221
 93, 23
 85, 393
 35, 114
 49, 173
 25, 361
 65, 373
 56, 182
 58, 71
 92, 321
 32, 237
 60, 389
 13, 241
 34, 377
 32, 375
 15, 252
 98, 214
 26, 4
 72, 179
 60, 298
 4, 227
 21, 265
 20, 40
 47, 202
 64, 294
 79, 214
 7, 264
 85, 38
 45, 230
 98, 272
 98, 138
 53, 20
 96, 145
 84, 397
 32, 32
 57, 151
 47, 212
 93, 337
 58, 194
 79, 300
 99, 263
 96, 98
 97, 314
 97, 133
 78, 256
 19, 69
 6, 289
 95, 128
 60, 219
 6, 32
 2, 365
 57, 289
 65, 342
 58, 215
 29, 182
 84, 114
 10, 214
 59, 222
 54, 246
 16, 393
 34, 370
 51, 384
 49, 352
 78, 256
 37, 304
 24, 313
 91, 131
 98, 87
 23, 93
 87, 65
 64, 226
 35, 271
 16, 87
 91, 317
 87, 209
 7, 362
 40, 103
 12, 392
 54, 34
 11, 124
 52, 261
 9, 179
 32, 39
 99, 154
 58, 102
 22, 311
 4, 50
 75, 79
 44, 204
 64, 312
 66, 274
 85, 103
 91, 392
 4, 305
 58, 159
 81, 171
 78, 311
 23, 358
 40, 328
 19, 140
 67, 280
 92, 376
 28, 285
 48, 119
 69, 43
 71, 17
 8, 52
 7, 327
 47, 223
 44, 25
 52, 234
 60, 93
 51, 166
 1, 112
 91, 92
 31, 285
 32, 64
 96, 285
 66, 170
 32, 23
 78, 178
 63, 97
 69, 35
 3, 314
 47, 23
 24, 127
 19, 271
 13, 12
 49, 24
 27, 301
 33, 330
 81, 374
 32, 31
 6, 149
 9, 48
 57, 274
 80, 265
 53, 187
