800 800
 7, 570
 43, 7
 79, 333
 80, 132
 92, 732
 50, 553
 95, 60
 94, 30
 30, 479
 49, 314
 8, 700
 99, 472
 82, 502
 1, 747
 31, 565
 47, 305
 63, 243
 45, 776
 60, 283
 71, 580
 76, 421
 92, 584
 76, 106
 26, 675
 15, 523
 87, 139
 18, 558
 85, 612
 54, 215
 38, 50
 5, 282
 76, 492
 87, 791
 56, 761
 92, 493
 23, 577
 11, 516
 30, 616
 55, 655
 17, 535
 1, 570
 67, 168
 8, 743
 10, 338
 14, 391
 13, 404
 93, 645
 36, 245
 43, 672
 73, 293
 99, 263
 50, 693
 29, 541
 38, 172
 60, 187
 85, 698
 71, 277
 91, 605
 54, 794
 76, 688
 72, 755
 83, 538
 83, 529
 33, 549
 88, 237
 92, 346
 33, 88
 88, 494
 48, 260
 81, 170
 65, 329
 99, 776
 51, 363
 71, 711
 35, 206
 27, 658
 10, 434
 46, 11
 83, 528
 11, 59
 59, 671
 83, 598
 2, 234
 17, 144
 21, 109
 97, 486
 61, 331
 79, 547
 99, 357
 81, 312
 24, 306
 44, 416
 87, 365
 72, 198
 30, 13
 43, 562
 53, 244
 76, 198
 37, 267
 23, 554
 70, 89
 94, 230
 82, 349
 49, 341
 4, 513
 62, 592
 17, 181
 79, 404
 14, 730
 12, 359
 21, 281
 41, 205
 3, 185
 21, 474
 53, 312
 62, 621
 49, 378
 30, 624
 94, 583
 63, 686
 20, 239
 5, 223
 81, 199
 64, 191
 66, 45
 17, 384
 29, 659
 44, 20
 30, 774
 22, 676
 85, 39
 17, 267
 63, 241
 42, 37
 49, 256
 55, 168
 51, 162
 73, 209
 2, 383
 67, 524
 92, 77
 3, 603
 75, 6
 15, 522
 79, 331
 48, 57
 76, 719
 51, 483
 68, 369
 42, 70
 82, 160
 95, 720
 4, 15
 69, 752
 12, 374
 37, 538
 51, 467
 18, 119
 33, 652
 75, 793
 25, 540
 31, 88
 46, 223
 97, 523
 42, 656
 55, 91
 16, 20
 93, 718
 29, 591
 6, 623
 30, 390
 81, 238
 81, 510
 97, 596
 28, 668
 80, 386
 75, 349
 83, 633
 5, 736
 61, 408
 76, 89
 42, 496
 2, 522
 74, 393
 36, 636
 85, 564
 46, 701
 39, 675
 2, 482
 93, 275
 4, 719
 43, 106
 100, 64
 17, 585
 33, 675
 17, 743
 54, 123
 32, 85
 82, 158
 49, 91
 85, 125
 55, 294
 97, 213
 62, 754
 31, 364
 43, 305
 39, 176
 30, 634
 90, 325
 82, 262
 61, 682
 97, 135
 2, 95
 24, 670
 88, 6
 36, 412
 99, 322
 26, 669
 100, 447
 22, 724
 36, 152
 14, 434
 82, 744
 66, 188
 79, 790
 18, 606
 66, 62
 32, 751
 50, 340
 28, 502
 20, 257
 89, 378
 94, 54
 56, 652
 23, 648
 35, 693
 96, 550
 11, 510
 86, 186
 75, 528
 43, 534
 48, 56
 67, 228
 58, 784
 95, 298
 77, 434
 58, 261
 53, 651
 69, 416
 68, 565
 35, 322
 79, 297
 53, 333
 95, 784
 13, 138
 12, 733
 56, 666
 97, 591
 10, 41
 50, 328
 92, 498
 100, 321
 22, 709
 90, 389
 60, 149
 3, 705
 19, 368
 61, 457
 100, 469
 11, 369
 4, 229
 11, 688
 48, 120
 11, 410
 92, 204
 14, 628
 26, 532
 91, 774
 19, 555
 68, 449
 72, 720
 9, 338
 78, 325
 65, 300
 42, 642
 11, 1
 27, 45
 82, 798
 21, 534
 20, 785
 70, 686
 8, 252
 22, 460
 74, 626
 31, 604
 89, 749
 77, 740
 40, 392
 75, 255
 20, 395
 61, 127
 67, 42
 26, 551
 42, 100
 22, 573
 99, 30
 8, 403
 69, 679
 1, 589
 27, 20
 7, 369
 96, 578
 53, 55
 57, 376
 53, 328
 81, 408
 22, 480
 2, 60
 25, 461
 7, 531
 17, 42
 20, 365
 81, 593
 48, 404
 81, 427
 80, 254
 20, 82
 37, 251
 70, 287
 64, 352
 58, 544
 89, 145
 85, 714
 9, 224
 71, 374
 24, 109
 93, 506
 15, 732
 23, 645
 94, 743
 11, 68
 13, 493
 26, 80
 39, 59
 37, 301
 52, 341
 94, 475
 22, 15
 4, 269
 66, 577
 63, 630
 2, 376
 18, 95
 91, 700
 87, 527
 35, 665
 38, 704
 68, 343
 84, 426
 62, 221
 72, 550
 29, 581
 38, 401
 15, 430
 56, 99
 57, 778
 11, 436
 97, 709
 73, 527
 100, 622
 33, 248
 32, 398
 66, 25
 69, 506
 88, 686
 20, 720
 40, 172
 18, 683
 6, 481
 60, 326
 46, 732
 72, 380
 5, 334
 79, 444
 81, 632
 65, 523
 40, 480
 45, 534
 76, 659
 8, 648
 41, 701
 21, 733
 44, 423
 46, 586
 82, 155
 63, 310
 85, 525
 71, 669
 78, 376
 13, 334
 39, 338
 69, 242
 29, 272
 13, 425
 77, 257
 100, 561
 92, 379
 62, 269
 90, 552
 10, 769
 5, 245
 64, 506
 72, 698
 53, 781
 91, 525
 2, 539
 12, 234
 95, 25
 79, 784
 95, 191
 13, 669
 99, 314
 94, 323
 43, 457
 46, 776
 39, 306
 23, 215
 16, 784
 18, 98
 52, 275
 24, 119
 92, 288
 18, 683
 26, 353
 67, 216
 57, 483
 61, 223
 93, 104
 9, 435
 64, 383
 28, 215
 6, 92
 98, 144
 33, 688
 95, 686
 40, 482
 76, 700
 60, 237
 51, 233
 67, 509
 1, 732
 98, 770
 1, 87
 9, 136
 61, 348
 52, 21
 40, 743
 83, 303
 2, 279
 42, 779
 57, 105
 17, 285
 30, 589
 29, 202
 86, 382
 35, 40
 71, 184
 97, 723
 50, 405
 5, 358
 47, 782
 24, 99
 61, 322
 7, 635
 2, 257
 9, 729
 60, 83
 16, 713
 88, 512
 35, 787
 30, 283
 35, 264
 93, 414
 52, 722
 71, 485
 73, 456
 2, 585
 9, 236
 62, 13
 49, 37
 16, 710
 66, 372
 12, 52
 26, 53
 42, 275
 4, 199
 78, 292
 95, 586
 58, 15
 93, 453
 48, 48
 52, 583
 100, 549
 38, 229
 15, 720
 39, 699
 1, 517
 44, 263
 79, 563
 50, 39
 52, 564
 39, 754
 4, 781
 47, 170
 90, 800
 27, 244
 47, 661
 70, 682
 56, 513
 45, 405
 80, 532
 40, 216
 36, 336
 15, 608
 42, 111
 27, 374
 64, 424
 75, 234
 34, 238
 91, 113
 18, 460
 73, 695
 19, 486
 45, 595
 67, 439
 83, 748
 36, 106
 90, 96
 19, 92
 31, 94
 95, 549
 85, 196
 64, 195
 96, 696
 91, 647
 63, 380
 5, 323
 99, 449
 52, 377
 57, 115
 32, 711
 30, 793
 17, 60
 82, 390
 60, 332
 51, 548
 71, 673
 24, 689
 23, 708
 36, 189
 72, 662
 81, 335
 83, 178
 12, 120
 89, 43
 50, 620
 4, 768
 22, 358
 84, 129
 3, 265
 11, 454
 38, 4
 97, 330
 92, 119
 21, 65
 94, 356
 8, 507
 94, 698
 67, 79
 90, 4
 73, 364
 38, 252
 94, 375
 14, 132
 77, 66
 67, 147
 46, 630
 53, 670
 98, 634
 27, 594
 41, 795
 93, 387
 25, 103
 22, 25
 6, 98
 32, 556
 9, 431
 46, 430
 28, 360
 87, 350
 58, 164
 7, 81
 52, 516
 31, 572
 8, 88
 46, 662
 15, 553
 29, 156
 3, 254
 40, 476
 60, 369
 24, 660
 42, 166
 99, 578
 92, 505
 35, 671
 94, 628
 49, 42
 80, 464
 12, 220
 6, 702
 71, 566
 12, 654
 96, 454
 23, 323
 19, 409
 80, 608
 97, 183
 84, 56
 6, 730
 84, 136
 95, 95
 91, 469
 40, 98
 66, 498
 92, 351
 59, 39
 17, 341
 12, 112
 99, 702
 36, 600
 77, 382
 38, 493
 69, 505
 89, 281
 41, 481
 13, 182
 77, 31
 70, 800
 62, 203
 52, 551
 48, 518
 38, 742
 75, 408
 5, 144
 75, 55
 71, 145
 73, 268
 37, 71
 18, 386
 55, 186
 46, 209
 56, 537
 23, 32
 48, 225
 68, 709
 52, 184
 84, 697
 27, 371
 17, 627
 60, 124
 61, 574
 81, 253
 2, 224
 28, 481
 60, 524
 64, 85
 6, 339
 95, 711
 3, 637
 11, 685
 79, 760
 45, 459
 90, 222
 26, 727
 67, 256
 28, 653
 48, 682
 22, 720
 68, 482
 14, 618
 56, 187
 5, 503
 33, 67
 29, 188
 76, 439
 86, 219
 4, 309
 6, 154
 11, 308
 36, 619
 32, 327
 45, 568
 76, 167
 8, 760
 93, 76
 22, 677
 73, 348
 100, 511
 80, 781
 17, 25
 59, 115
 43, 684
 66, 654
 60, 151
 55, 449
 49, 523
 24, 215
 84, 422
 98, 524
 85, 467
 61, 118
 5, 225
 16, 87
 7, 541
 100, 635
 81, 541
 46, 290
 82, 148
 29, 534
 34, 75
 38, 747
 12, 290
 18, 525
 18, 107
 14, 578
 27, 117
 10, 73
 76, 398
 50, 747
 86, 423
 2, 227
 6, 496
 21, 490
 58, 785
 54, 323
 18, 789
 3, 448
 29, 330
 96, 542
 7, 714
 47, 40
 92, 486
 44, 617
 4, 170
 16, 678
 71, 342
 70, 194
 13, 552
 28, 314
 67, 566
 65, 648
 87, 137
 90, 166
 54, 332
 76, 121
 5, 194
 94, 338
 15, 323
 74, 558
 97, 687
 30, 53
 19, 378
 80, 42
 22, 536
 72, 533
 53, 137
 86, 599
 35, 599
 2, 737
 94, 287
 18, 770
 48, 269
 17, 456
 16, 467
 49, 683
 17, 68
 80, 383
 13, 623
 97, 561
 75, 85
 75, 745
 97, 164
 19, 687
 22, 706
 14, 488
 18, 166
 51, 150
 73, 5
 23, 373
